32441	EPI_ISL_19556841|A/Hong_Kong/ST221617/2023|A_/_H3N2|PA	99.010	101	1	0	1	101	765	665	3.55e-49	182	100
46943	EPI_ISL_19556841|A/Hong_Kong/ST221617/2023|A_/_H3N2|PA	99.115	113	1	0	1	113	832	944	8.62e-56	204	100
48501	EPI_ISL_19556841|A/Hong_Kong/ST221617/2023|A_/_H3N2|HA	99.057	106	1	0	1	106	1024	1129	6.23e-52	191	100
58348	EPI_ISL_19556841|A/Hong_Kong/ST221617/2023|A_/_H3N2|PA	99.320	147	1	0	1	147	1022	876	1.46e-74	267	100
73646	EPI_ISL_19556841|A/Hong_Kong/ST221617/2023|A_/_H3N2|PA	98.065	155	3	0	1	155	1022	868	1.19e-75	270	100
77089	EPI_ISL_19556841|A/Hong_Kong/ST221617/2023|A_/_H3N2|PB2	100.000	77	0	0	1	77	1413	1337	1.27e-37	143	97
78810	EPI_ISL_19556841|A/Hong_Kong/ST221617/2023|A_/_H3N2|PB2	98.710	155	2	0	1	155	1327	1481	2.56e-77	276	100
85748	EPI_ISL_19556841|A/Hong_Kong/ST221617/2023|A_/_H3N2|PB1	98.710	155	2	0	1	155	1296	1142	7.13e-78	278	100
87992	EPI_ISL_19556841|A/Hong_Kong/ST221617/2023|A_/_H3N2|HA	98.065	155	3	0	1	155	975	1129	3.32e-76	272	100
95310	EPI_ISL_19556841|A/Hong_Kong/ST221617/2023|A_/_H3N2|PB2	99.310	145	1	0	1	145	1481	1337	1.88e-73	263	99
103122	EPI_ISL_19356984|A/HeFei04171/2024|A_/_H5N6|PB1	100.000	2310	0	0	1	2310	2315	6	0.0	4266	100
120519	EPI_ISL_19356984|A/HeFei04171/2024|A_/_H5N6|MP	99.632	815	3	0	1	815	1003	189	0.0	1489	100
122907	EPI_ISL_19556841|A/Hong_Kong/ST221617/2023|A_/_H3N2|PB1	99.119	227	2	0	1	227	1296	1070	3.64e-117	409	100
205081	EPI_ISL_19556841|A/Hong_Kong/ST221617/2023|A_/_H3N2|PB1	98.795	83	1	0	1	83	1302	1220	8.05e-40	150	100
252675	EPI_ISL_19556841|A/Hong_Kong/ST221617/2023|A_/_H3N2|PA	98.824	85	1	0	1	85	1030	946	2.27e-40	152	100
295589	EPI_ISL_19556841|A/Hong_Kong/ST221617/2023|A_/_H3N2|PA	98.065	155	3	0	1	155	819	665	1.19e-75	270	100
319039	EPI_ISL_19356984|A/HeFei04171/2024|A_/_H5N6|NA	100.000	1423	0	0	1	1423	6	1428	0.0	2628	100
324375	EPI_ISL_19556841|A/Hong_Kong/ST221617/2023|A_/_H3N2|NP	100.000	1541	0	0	1	1541	1	1541	0.0	2846	100
324459	EPI_ISL_19556841|A/Hong_Kong/ST221617/2023|A_/_H3N2|NA	100.000	1439	0	0	1	1439	1439	1	0.0	2658	100
325089	EPI_ISL_19556841|A/Hong_Kong/ST221617/2023|A_/_H3N2|PB1	100.000	2313	0	0	1	2313	1	2313	0.0	4272	100
325169	EPI_ISL_19556841|A/Hong_Kong/ST221617/2023|A_/_H3N2|NS	100.000	863	0	0	1	863	863	1	0.0	1594	100
325443	EPI_ISL_19556841|A/Hong_Kong/ST221617/2023|A_/_H3N2|PA	100.000	2208	0	0	1	2208	2208	1	0.0	4078	100
325541	EPI_ISL_19556841|A/Hong_Kong/ST221617/2023|A_/_H3N2|MP	100.000	1002	0	0	1	1002	1002	1	0.0	1851	100
325601	EPI_ISL_19556841|A/Hong_Kong/ST221617/2023|A_/_H3N2|HA	100.000	1735	0	0	1	1735	1735	1	0.0	3205	100
357989	EPI_ISL_19356984|A/HeFei04171/2024|A_/_H5N6|HA	99.943	1753	1	0	1	1753	1756	4	0.0	3232	100
373730	EPI_ISL_19556841|A/Hong_Kong/ST221617/2023|A_/_H3N2|PB2	100.000	2315	0	0	1	2315	2315	1	0.0	4276	100
379268	EPI_ISL_19356984|A/HeFei04171/2024|A_/_H5N6|PA	100.000	2211	0	0	1	2211	3	2213	0.0	4084	100
400068	EPI_ISL_19356984|A/HeFei04171/2024|A_/_H5N6|NP	100.000	1543	0	0	1	1543	1544	2	0.0	2850	100
408618	EPI_ISL_19356984|A/HeFei04171/2024|A_/_H5N6|PB2	100.000	2268	0	0	1	2268	2271	4	0.0	4189	100
420078	EPI_ISL_19556841|A/Hong_Kong/ST221617/2023|A_/_H3N2|HA	99.206	126	1	0	1	126	1053	1178	5.78e-63	228	100
420568	EPI_ISL_19556841|A/Hong_Kong/ST221617/2023|A_/_H3N2|PA	99.160	119	1	0	1	119	868	986	4.22e-59	215	100
422014	EPI_ISL_19356984|A/HeFei04171/2024|A_/_H5N6|NS	100.000	858	0	0	1	858	858	1	0.0	1585	100
422556	EPI_ISL_19556841|A/Hong_Kong/ST221617/2023|A_/_H3N2|PA	99.315	146	1	0	1	146	819	674	5.20e-74	265	100
422608	EPI_ISL_19556841|A/Hong_Kong/ST221617/2023|A_/_H3N2|PB2	99.346	153	1	0	1	153	1259	1411	7.03e-78	278	100
422702	EPI_ISL_19556841|A/Hong_Kong/ST221617/2023|A_/_H3N2|PA	99.237	131	1	0	1	131	611	741	1.00e-65	237	100
456868	EPI_ISL_19556841|A/Hong_Kong/ST221617/2023|A_/_H3N2|PA	98.837	86	1	0	1	86	828	743	6.40e-41	154	100
471738	EPI_ISL_19556841|A/Hong_Kong/ST221617/2023|A_/_H3N2|PB2	98.824	85	1	0	1	85	1489	1405	2.27e-40	152	100
